sbe37sm-rs232_03710614_2023_10_11_pogo.cnv
* Sea-Bird SBE37SM-RS232  Data File:
* FileName = C:\Users\OZE\POGO2023\SBE37SM-RS232_03710614_2023_10_11_POGO.hex
* Software version SeatermV2 2.3.0
* Temperature SN = 10614
* Conductivity SN = 10614
* System UpLoad Time = Oct 11 2023 11:10:17
* sample interval = 600 seconds
* <ApplicationData>
# nquan = 11
# nvalues = 1161                                  
# units = specified
# name 0 = density00: Density [density, kg/m^3]
# name 1 = cond0S/m: Conductivity [S/m]
# name 2 = potemp090C: Potential Temperature [ITS-90, deg C]
# name 3 = prdM: Pressure, Strain Gauge [db]
# name 4 = sal00: Salinity, Practical [PSU]
# name 5 = tv290C: Temperature [ITS-90, deg C]
# name 6 = timeM: Time, Elapsed [minutes]
# name 7 = timeS: Time, Elapsed [seconds]
# name 8 = timeH: Time, Elapsed [hours]
# name 9 = timeJ: Julian Days
# name 10 = flag:  0.000e+00
# span 0 =   997.7035,  1023.8493                 
# span 1 =   0.000179,   4.290404                 
# span 2 =    16.2288,    22.3339                 
# span 3 =     -0.102,      1.756                 
# span 4 =     0.0102,    32.9426                 
# span 5 =    16.2291,    22.3339                 
# span 6 =     0.0000, 11600.0000                 
# span 7 =      0.000, 696000.000                 
# span 8 =    0.00000,  193.33333                 
# span 9 = 276.402257, 284.457812                 
# span 10 = 0.0000e+00, 0.0000e+00                
# interval = seconds: 600
# start_time = Oct 03 2023 09:39:15 [Instrument's time stamp, first data scan]
# bad_flag = -9.990e-29
*END*
[from data line 787]
  1023.4248   4.108906    16.4806      1.693    32.1103    16.4808  7870.0000 472200.000  131.16667 281.867535  0.000e+00
  1023.4267   4.107228    16.4650      1.683    32.1082    16.4652  7880.0000 472800.000  131.33333 281.874479  0.000e+00
  1023.4262   4.108344    16.4745      1.691    32.1103    16.4748  7890.0000 473400.000  131.50000 281.881424  0.000e+00
  1023.4296   4.105041    16.4442      1.684    32.1058    16.4445  7900.0000 474000.000  131.66667 281.888368  0.000e+00
  1023.4303   4.105655    16.4484      1.704    32.1078    16.4487  7910.0000 474600.000  131.83333 281.895312  0.000e+00
  1023.4307   4.104982    16.4425      1.678    32.1067    16.4427  7920.0000 475200.000  132.00000 281.902257  0.000e+00
  1023.4288   4.104539    16.4412      1.676    32.1038    16.4415  7930.0000 475800.000  132.16667 281.909201  0.000e+00
  1023.4300   4.099417    16.3992      1.687    32.0929    16.3995  7940.0000 476400.000  132.33333 281.916146  0.000e+00
  1023.4288   4.103246    16.4310      1.684    32.1008    16.4312  7950.0000 477000.000  132.50000 281.923090  0.000e+00
  1023.4285   4.101909    16.4207      1.682    32.0974    16.4209  7960.0000 477600.000  132.66667 281.930035  0.000e+00
  1023.4317   4.100663    16.4069      1.673    32.0976    16.4072  7970.0000 478200.000  132.83333 281.936979  0.000e+00
  1023.4301   4.099749    16.4017      1.677    32.0938    16.4020  7980.0000 478800.000  133.00000 281.943924  0.000e+00
  1023.4265   4.099123    16.4010      1.677    32.0890    16.4012  7990.0000 479400.000  133.16667 281.950868  0.000e+00
  1023.4216   4.098262    16.3999      1.677    32.0823    16.4001  8000.0000 480000.000  133.33333 281.957812  0.000e+00
  1023.4287   4.097388    16.3845      1.669    32.0870    16.3848  8010.0000 480600.000  133.50000 281.964757  0.000e+00
  1023.4271   4.096932    16.3828      1.656    32.0845    16.3830  8020.0000 481200.000  133.66667 281.971701  0.000e+00
  1023.4106   4.095047    16.3874      1.677    32.0642    16.3877  8030.0000 481800.000  133.83333 281.978646  0.000e+00
  1023.3701   4.090939    16.4028      1.663    32.0160    16.4030  8040.0000 482400.000  134.00000 281.985590  0.000e+00
  1023.3685   4.087277    16.3755      1.655    32.0060    16.3757  8050.0000 483000.000  134.16667 281.992535  0.000e+00
  1023.3500   4.086209    16.3889      1.655    31.9859    16.3892  8060.0000 483600.000  134.33333 281.999479  0.000e+00
  1023.3475   4.084964    16.3820      1.661    31.9805    16.3823  8070.0000 484200.000  134.50000 282.006424  0.000e+00
  1023.3405   4.079774    16.3490      1.648    31.9617    16.3492  8080.0000 484800.000  134.66667 282.013368  0.000e+00
  1023.3728   4.090014    16.3921      1.655    32.0165    16.3924  8090.0000 485400.000  134.83333 282.020312  0.000e+00
  1023.3577   4.089310    16.4045      1.658    32.0005    16.4047  8100.0000 486000.000  135.00000 282.027257  0.000e+00
  1023.3425   4.082906    16.3716      1.660    31.9709    16.3719  8110.0000 486600.000  135.16667 282.034201  0.000e+00
  1023.3247   4.078264    16.3558      1.654    31.9430    16.3560  8120.0000 487200.000  135.33333 282.041146  0.000e+00
  1023.2931   4.071243    16.3373      1.649    31.8965    16.3376  8130.0000 487800.000  135.50000 282.048090  0.000e+00
  1023.2892   4.071210    16.3417      1.651    31.8927    16.3419  8140.0000 488400.000  135.66667 282.055035  0.000e+00
  1023.2351   4.066131    16.3657      1.663    31.8292    16.3659  8150.0000 489000.000  135.83333 282.061979  0.000e+00
  1023.2344   4.064440    16.3529      1.635    31.8246    16.3531  8160.0000 489600.000  136.00000 282.068924  0.000e+00
  1023.2375   4.064681    16.3511      1.640    31.8281    16.3514  8170.0000 490200.000  136.16667 282.075868  0.000e+00
  1023.2461   4.065832    16.3501      1.643    31.8390    16.3503  8180.0000 490800.000  136.33333 282.082812  0.000e+00
  1023.2219   4.066339    16.3829      1.633    31.8172    16.3832  8190.0000 491400.000  136.50000 282.089757  0.000e+00
  1023.2507   4.071567    16.3903      1.643    31.8570    16.3906  8200.0000 492000.000  136.66667 282.096701  0.000e+00
  1023.2376   4.070793    16.3996      1.626    31.8428    16.3999  8210.0000 492600.000  136.83333 282.103646  0.000e+00
  1023.2167   4.072660    16.4395      1.637    31.8273    16.4397  8220.0000 493200.000  137.00000 282.110590  0.000e+00
  1023.2144   4.070357    16.4238      1.629    31.8197    16.4241  8230.0000 493800.000  137.16667 282.117535  0.000e+00
  1023.2059   4.066085    16.3999      1.622    31.8015    16.4001  8240.0000 494400.000  137.33333 282.124479  0.000e+00
  1023.2080   4.064206    16.3824      1.627    31.7991    16.3826  8250.0000 495000.000  137.50000 282.131424  0.000e+00
  1023.1869   4.049670    16.2913      1.630    31.7447    16.2915  8260.0000 495600.000  137.66667 282.138368  0.000e+00
  1023.1767   4.047917    16.2894      1.619    31.7309    16.2897  8270.0000 496200.000  137.83333 282.145312  0.000e+00
  1023.2157   4.062562    16.3601      1.632    31.8025    16.3604  8280.0000 496800.000  138.00000 282.152257  0.000e+00
  1023.2114   4.062334    16.3634      1.633    31.7979    16.3637  8290.0000 497400.000  138.16667 282.159201  0.000e+00
  1023.2082   4.054987    16.3084      1.619    31.7776    16.3086  8300.0000 498000.000  138.33333 282.166146  0.000e+00
  1023.2095   4.056396    16.3182      1.637    31.7820    16.3185  8310.0000 498600.000  138.50000 282.173090  0.000e+00
  1023.2281   4.061438    16.3363      1.619    31.8117    16.3366  8320.0000 499200.000  138.66667 282.180035  0.000e+00
  1023.2235   4.061295    16.3406      1.613    31.8070    16.3409  8330.0000 499800.000  138.83333 282.186979  0.000e+00
  1023.2265   4.063673    16.3561      1.623    31.8154    16.3564  8340.0000 500400.000  139.00000 282.193924  0.000e+00
  1023.2199   4.062562    16.3550      1.612    31.8065    16.3553  8350.0000 501000.000  139.16667 282.200868  0.000e+00
  1023.2034   4.056221    16.3240      1.619    31.7759    16.3243  8360.0000 501600.000  139.33333 282.207812  0.000e+00
  1023.2088   4.059040    16.3401      1.611    31.7877    16.3404  8370.0000 502200.000  139.50000 282.214757  0.000e+00
  1023.1921   4.051299    16.2981      1.619    31.7535    16.2984  8380.0000 502800.000  139.66667 282.221701  0.000e+00
  1023.1905   4.046496    16.2614      1.610    31.7408    16.2617  8390.0000 503400.000  139.83333 282.228646  0.000e+00
  1023.1454   4.035705    16.2288      1.623    31.6723    16.2291  8400.0000 504000.000  140.00000 282.235590  0.000e+00
  1023.1449   4.036762    16.2378      1.612    31.6744    16.2381  8410.0000 504600.000  140.16667 282.242535  0.000e+00
  1023.2000   4.052130    16.2953      1.610    31.7630    16.2956  8420.0000 505200.000  140.33333 282.249479  0.000e+00
  1023.2026   4.054364    16.3101      1.618    31.7707    16.3104  8430.0000 505800.000  140.50000 282.256424  0.000e+00
  1023.2025   4.054747    16.3133      1.620    31.7716    16.3135  8440.0000 506400.000  140.66667 282.263368  0.000e+00
  1023.2222   4.062406    16.3511      1.611    31.8083    16.3513  8450.0000 507000.000  140.83333 282.270312  0.000e+00
  1023.2238   4.059599    16.3267      1.614    31.8033    16.3269  8460.0000 507600.000  141.00000 282.277257  0.000e+00
  1023.1931   4.056130    16.3355      1.606    31.7660    16.3357  8470.0000 508200.000  141.16667 282.284201  0.000e+00
  1023.2015   4.058182    16.3419      1.610    31.7787    16.3422  8480.0000 508800.000  141.33333 282.291146  0.000e+00
  1023.1996   4.057832    16.3414      1.613    31.7761    16.3417  8490.0000 509400.000  141.50000 282.298090  0.000e+00
  1023.1977   4.057500    16.3410      1.601    31.7735    16.3413  8500.0000 510000.000  141.66667 282.305035  0.000e+00
  1023.1905   4.055506    16.3337      1.617    31.7620    16.3339  8510.0000 510600.000  141.83333 282.311979  0.000e+00
  1023.1879   4.054578    16.3293      1.611    31.7573    16.3296  8520.0000 511200.000  142.00000 282.318924  0.000e+00
  1023.1654   4.047456    16.2993      1.625    31.7190    16.2995  8530.0000 511800.000  142.16667 282.325868  0.000e+00
  1023.1889   4.056565    16.3440      1.606    31.7630    16.3443  8540.0000 512400.000  142.33333 282.332812  0.000e+00
  1023.1727   4.051156    16.3201      1.610    31.7348    16.3203  8550.0000 513000.000  142.50000 282.339757  0.000e+00
  1023.1745   4.051805    16.3232      1.626    31.7380    16.3235  8560.0000 513600.000  142.66667 282.346701  0.000e+00
  1023.1843   4.055104    16.3379      1.629    31.7551    16.3381  8570.0000 514200.000  142.83333 282.353646  0.000e+00
  1023.1686   4.048839    16.3066      1.631    31.7253    16.3068  8580.0000 514800.000  143.00000 282.360590  0.000e+00
  1023.1806   4.054220    16.3352      1.619    31.7495    16.3355  8590.0000 515400.000  143.16667 282.367535  0.000e+00
  1023.1834   4.053753    16.3281      1.618    31.7511    16.3284  8600.0000 516000.000  143.33333 282.374479  0.000e+00
  1023.1758   4.051487    16.3190      1.610    31.7386    16.3192  8610.0000 516600.000  143.50000 282.381424  0.000e+00
  1023.1768   4.053227    16.3319      1.639    31.7434    16.3322  8620.0000 517200.000  143.66667 282.388368  0.000e+00
  1023.1957   4.057734    16.3454      1.637    31.7720    16.3457  8630.0000 517800.000  143.83333 282.395312  0.000e+00
  1023.1937   4.058371    16.3528      1.630    31.7717    16.3531  8640.0000 518400.000  144.00000 282.402257  0.000e+00
  1023.1893   4.058208    16.3568      1.626    31.7671    16.3570  8650.0000 519000.000  144.16667 282.409201  0.000e+00
  1023.1837   4.058117    16.3627      1.608    31.7617    16.3629  8660.0000 519600.000  144.33333 282.416146  0.000e+00
  1023.1848   4.058702    16.3662      1.632    31.7640    16.3664  8670.0000 520200.000  144.50000 282.423090  0.000e+00
  1023.1890   4.060593    16.3763      1.634    31.7724    16.3765  8680.0000 520800.000  144.66667 282.430035  0.000e+00
  1023.1953   4.063127    16.3890      1.630    31.7844    16.3893  8690.0000 521400.000  144.83333 282.436979  0.000e+00
  1023.1995   4.064811    16.3974      1.620    31.7924    16.3976  8700.0000 522000.000  145.00000 282.443924  0.000e+00
  1023.2012   4.068055    16.4213      1.628    31.8017    16.4215  8710.0000 522600.000  145.16667 282.450868  0.000e+00
  1023.2042   4.068712    16.4229      1.627    31.8061    16.4232  8720.0000 523200.000  145.33333 282.457812  0.000e+00
  1023.2024   4.069232    16.4292      1.626    31.8056    16.4294  8730.0000 523800.000  145.50000 282.464757  0.000e+00
  1023.2007   4.069466    16.4331      1.632    31.8046    16.4333  8740.0000 524400.000  145.66667 282.471701  0.000e+00
  1023.1947   4.067619    16.4256      1.629    31.7944    16.4258  8750.0000 525000.000  145.83333 282.478646  0.000e+00
  1023.2019   4.068276    16.4222      1.630    31.8029    16.4224  8760.0000 525600.000  146.00000 282.485590  0.000e+00
  1023.2018   4.068900    16.4273      1.628    31.8042    16.4276  8770.0000 526200.000  146.16667 282.492535  0.000e+00
  1023.2103   4.068133    16.4110      1.622    31.8105    16.4113  8780.0000 526800.000  146.33333 282.499479  0.000e+00
  1023.2293   4.071450    16.4149      1.628    31.8364    16.4151  8790.0000 527400.000  146.50000 282.506424  0.000e+00
  1023.2171   4.073558    16.4462      1.638    31.8297    16.4465  8800.0000 528000.000  146.66667 282.513368  0.000e+00
  1023.1899   4.072269    16.4684      1.639    31.8008    16.4687  8810.0000 528600.000  146.83333 282.520312  0.000e+00
  1023.1973   4.073694    16.4709      1.640    31.8113    16.4712  8820.0000 529200.000  147.00000 282.527257  0.000e+00
  1023.1816   4.073785    16.4903      1.624    31.7967    16.4905  8830.0000 529800.000  147.16667 282.534201  0.000e+00
  1023.2034   4.073967    16.4657      1.626    31.8178    16.4660  8840.0000 530400.000  147.33333 282.541146  0.000e+00
  1023.1975   4.073232    16.4669      1.620    31.8104    16.4672  8850.0000 531000.000  147.50000 282.548090  0.000e+00
  1023.2053   4.073610    16.4606      1.615    31.8188    16.4608  8860.0000 531600.000  147.66667 282.555035  0.000e+00
  1023.2066   4.073193    16.4557      1.616    31.8190    16.4560  8870.0000 532200.000  147.83333 282.561979  0.000e+00
  1023.2116   4.073707    16.4539      1.619    31.8249    16.4542  8880.0000 532800.000  148.00000 282.568924  0.000e+00
  1023.2193   4.076161    16.4642      1.608    31.8381    16.4644  8890.0000 533400.000  148.16667 282.575868  0.000e+00
  1023.2207   4.077391    16.4725      1.633    31.8422    16.4727  8900.0000 534000.000  148.33333 282.582812  0.000e+00
  1023.2146   4.078106    16.4854      1.625    31.8381    16.4857  8910.0000 534600.000  148.50000 282.589757  0.000e+00
  1023.2209   4.077000    16.4692      1.637    31.8415    16.4694  8920.0000 535200.000  148.66667 282.596701  0.000e+00
  1023.2166   4.081856    16.5129      1.632    31.8489    16.5132  8930.0000 535800.000  148.83333 282.603646  0.000e+00
  1023.2251   4.084266    16.5218      1.614    31.8628    16.5220  8940.0000 536400.000  149.00000 282.610590  0.000e+00
  1023.2159   4.077631    16.4800      1.615    31.8383    16.4803  8950.0000 537000.000  149.16667 282.617535  0.000e+00
  1023.2176   4.079916    16.4963      1.628    31.8452    16.4965  8960.0000 537600.000  149.33333 282.624479  0.000e+00
  1023.2128   4.080509    16.5066      1.632    31.8421    16.5069  8970.0000 538200.000  149.50000 282.631424  0.000e+00
  1023.2142   4.079532    16.4971      1.608    31.8412    16.4974  8980.0000 538800.000  149.66667 282.638368  0.000e+00
  1023.2171   4.078178    16.4829      1.622    31.8407    16.4832  8990.0000 539400.000  149.83333 282.645312  0.000e+00
  1023.2202   4.075887    16.4610      1.609    31.8383    16.4612  9000.0000 540000.000  150.00000 282.652257  0.000e+00
  1023.2195   4.076180    16.4643      1.663    31.8382    16.4646  9010.0000 540600.000  150.16667 282.659201  0.000e+00
  1023.2188   4.075946    16.4632      1.615    31.8371    16.4634  9020.0000 541200.000  150.33333 282.666146  0.000e+00
  1023.2211   4.073076    16.4376      1.632    31.8324    16.4378  9030.0000 541800.000  150.50000 282.673090  0.000e+00
  1023.2162   4.069557    16.4153      1.607    31.8196    16.4155  9040.0000 542400.000  150.66667 282.680035  0.000e+00
  1023.2167   4.071515    16.4304      1.635    31.8245    16.4307  9050.0000 543000.000  150.83333 282.686979  0.000e+00
  1023.2159   4.074371    16.4540      1.608    31.8307    16.4542  9060.0000 543600.000  151.00000 282.693924  0.000e+00
  1023.2185   4.074566    16.4526      1.635    31.8335    16.4528  9070.0000 544200.000  151.16667 282.700868  0.000e+00
  1023.2163   4.074020    16.4508      1.639    31.8301    16.4511  9080.0000 544800.000  151.33333 282.707812  0.000e+00
  1023.2174   4.073499    16.4453      1.627    31.8300    16.4456  9090.0000 545400.000  151.50000 282.714757  0.000e+00
  1023.2137   4.074351    16.4565      1.617    31.8285    16.4567  9100.0000 546000.000  151.66667 282.721701  0.000e+00
  1023.2157   4.073805    16.4500      1.655    31.8289    16.4502  9110.0000 546600.000  151.83333 282.728646  0.000e+00
  1023.2168   4.073590    16.4467      1.625    31.8296    16.4470  9120.0000 547200.000  152.00000 282.735590  0.000e+00
  1023.2175   4.073291    16.4437      1.636    31.8295    16.4439  9130.0000 547800.000  152.16667 282.742535  0.000e+00
  1023.2177   4.073206    16.4427      1.628    31.8295    16.4429  9140.0000 548400.000  152.33333 282.749479  0.000e+00
  1023.2198   4.073642    16.4437      1.635    31.8325    16.4439  9150.0000 549000.000  152.50000 282.756424  0.000e+00
  1023.2205   4.073968    16.4455      1.637    31.8339    16.4457  9160.0000 549600.000  152.66667 282.763368  0.000e+00
  1023.2208   4.074221    16.4471      1.644    31.8348    16.4474  9170.0000 550200.000  152.83333 282.770312  0.000e+00
