sbe37sm-rs232_03710614_2023_10_11_pogo.cnv
* Sea-Bird SBE37SM-RS232  Data File:
* FileName = C:\Users\OZE\POGO2023\SBE37SM-RS232_03710614_2023_10_11_POGO.hex
* Software version SeatermV2 2.3.0
* Temperature SN = 10614
* Conductivity SN = 10614
* System UpLoad Time = Oct 11 2023 11:10:17
* sample interval = 600 seconds
* <ApplicationData>
# nquan = 11
# nvalues = 1161                                  
# units = specified
# name 0 = density00: Density [density, kg/m^3]
# name 1 = cond0S/m: Conductivity [S/m]
# name 2 = potemp090C: Potential Temperature [ITS-90, deg C]
# name 3 = prdM: Pressure, Strain Gauge [db]
# name 4 = sal00: Salinity, Practical [PSU]
# name 5 = tv290C: Temperature [ITS-90, deg C]
# name 6 = timeM: Time, Elapsed [minutes]
# name 7 = timeS: Time, Elapsed [seconds]
# name 8 = timeH: Time, Elapsed [hours]
# name 9 = timeJ: Julian Days
# name 10 = flag:  0.000e+00
# span 0 =   997.7035,  1023.8493                 
# span 1 =   0.000179,   4.290404                 
# span 2 =    16.2288,    22.3339                 
# span 3 =     -0.102,      1.756                 
# span 4 =     0.0102,    32.9426                 
# span 5 =    16.2291,    22.3339                 
# span 6 =     0.0000, 11600.0000                 
# span 7 =      0.000, 696000.000                 
# span 8 =    0.00000,  193.33333                 
# span 9 = 276.402257, 284.457812                 
# span 10 = 0.0000e+00, 0.0000e+00                
# interval = seconds: 600
# start_time = Oct 03 2023 09:39:15 [Instrument's time stamp, first data scan]
# bad_flag = -9.990e-29
*END*
[from data line 394]
  1023.7813   4.257135    17.2180      1.654    32.7985    17.2183  3940.0000 236400.000   65.66667 279.138368  0.000e+00
  1023.7810   4.257082    17.2178      1.638    32.7982    17.2181  3950.0000 237000.000   65.83333 279.145312  0.000e+00
  1023.7843   4.258003    17.2210      1.623    32.8035    17.2213  3960.0000 237600.000   66.00000 279.152257  0.000e+00
  1023.7785   4.255333    17.2073      1.634    32.7917    17.2075  3970.0000 238200.000   66.16667 279.159201  0.000e+00
  1023.7836   4.257035    17.2144      1.629    32.8006    17.2146  3980.0000 238800.000   66.33333 279.166146  0.000e+00
  1023.7838   4.258148    17.2227      1.611    32.8035    17.2229  3990.0000 239400.000   66.50000 279.173090  0.000e+00
  1023.7785   4.254485    17.2007      1.620    32.7897    17.2010  4000.0000 240000.000   66.66667 279.180035  0.000e+00
  1023.7872   4.260461    17.2365      1.625    32.8121    17.2367  4010.0000 240600.000   66.83333 279.186979  0.000e+00
  1023.7850   4.259295    17.2302      1.633    32.8072    17.2304  4020.0000 241200.000   67.00000 279.193924  0.000e+00
  1023.7789   4.257148    17.2208      1.652    32.7963    17.2211  4030.0000 241800.000   67.16667 279.200868  0.000e+00
  1023.7882   4.260203    17.2333      1.621    32.8125    17.2335  4040.0000 242400.000   67.33333 279.207812  0.000e+00
  1023.7951   4.262967    17.2466      1.644    32.8255    17.2469  4050.0000 243000.000   67.50000 279.214757  0.000e+00
  1023.7953   4.263173    17.2479      1.640    32.8262    17.2482  4060.0000 243600.000   67.66667 279.221701  0.000e+00
  1023.7993   4.265056    17.2577      1.636    32.8344    17.2579  4070.0000 244200.000   67.83333 279.228646  0.000e+00
  1023.7893   4.260150    17.2316      1.618    32.8135    17.2318  4080.0000 244800.000   68.00000 279.235590  0.000e+00
  1023.7902   4.260362    17.2321      1.599    32.8149    17.2323  4090.0000 245400.000   68.16667 279.242535  0.000e+00
  1023.7827   4.255803    17.2058      1.600    32.7970    17.2061  4100.0000 246000.000   68.33333 279.249479  0.000e+00
  1023.7383   4.239736    17.1340      1.619    32.7168    17.1343  4110.0000 246600.000   68.50000 279.256424  0.000e+00
  1023.7627   4.249551    17.1811      1.622    32.7632    17.1814  4120.0000 247200.000   68.66667 279.263368  0.000e+00
  1023.7747   4.256499    17.2206      1.624    32.7910    17.2208  4130.0000 247800.000   68.83333 279.270312  0.000e+00
  1023.7969   4.265739    17.2656      1.625    32.8338    17.2659  4140.0000 248400.000   69.00000 279.277257  0.000e+00
  1023.7667   4.248518    17.1685      1.634    32.7645    17.1688  4150.0000 249000.000   69.16667 279.284201  0.000e+00
  1023.7702   4.250551    17.1801      1.628    32.7726    17.1804  4160.0000 249600.000   69.33333 279.291146  0.000e+00
  1023.7680   4.248703    17.1685      1.628    32.7661    17.1687  4170.0000 250200.000   69.50000 279.298090  0.000e+00
  1023.7839   4.258268    17.2234      1.620    32.8039    17.2237  4180.0000 250800.000   69.66667 279.305035  0.000e+00
  1023.7846   4.257791    17.2190      1.634    32.8033    17.2193  4190.0000 251400.000   69.83333 279.311979  0.000e+00
  1023.7856   4.257585    17.2163      1.619    32.8038    17.2165  4200.0000 252000.000   70.00000 279.318924  0.000e+00
  1023.7791   4.254597    17.2009      1.628    32.7906    17.2012  4210.0000 252600.000   70.16667 279.325868  0.000e+00
  1023.7803   4.252928    17.1867      1.627    32.7878    17.1869  4220.0000 253200.000   70.33333 279.332812  0.000e+00
  1023.7626   4.247770    17.1676      1.620    32.7588    17.1679  4230.0000 253800.000   70.50000 279.339757  0.000e+00
  1023.7731   4.250557    17.1768      1.622    32.7753    17.1771  4240.0000 254400.000   70.66667 279.346701  0.000e+00
  1023.7833   4.255929    17.2062      1.623    32.7977    17.2065  4250.0000 255000.000   70.83333 279.353646  0.000e+00
  1023.7843   4.256346    17.2082      1.619    32.7997    17.2085  4260.0000 255600.000   71.00000 279.360590  0.000e+00
  1023.7836   4.256181    17.2077      1.619    32.7987    17.2080  4270.0000 256200.000   71.16667 279.367535  0.000e+00
  1023.7829   4.256061    17.2077      1.625    32.7976    17.2080  4280.0000 256800.000   71.33333 279.374479  0.000e+00
  1023.7852   4.257559    17.2165      1.627    32.8034    17.2168  4290.0000 257400.000   71.50000 279.381424  0.000e+00
  1023.7878   4.258838    17.2233      1.625    32.8089    17.2235  4300.0000 258000.000   71.66667 279.388368  0.000e+00
  1023.7862   4.258208    17.2203      1.627    32.8059    17.2206  4310.0000 258600.000   71.83333 279.395312  0.000e+00
  1023.7821   4.257075    17.2164      1.632    32.7993    17.2167  4320.0000 259200.000   72.00000 279.402257  0.000e+00
  1023.7841   4.258069    17.2215      1.594    32.8037    17.2218  4330.0000 259800.000   72.16667 279.409201  0.000e+00
  1023.7893   4.260388    17.2333      1.596    32.8141    17.2335  4340.0000 260400.000   72.33333 279.416146  0.000e+00
  1023.7890   4.258679    17.2206      1.601    32.8097    17.2208  4350.0000 261000.000   72.50000 279.423090  0.000e+00
  1023.7803   4.255922    17.2095      1.611    32.7950    17.2098  4360.0000 261600.000   72.66667 279.430035  0.000e+00
  1023.7779   4.253537    17.1942      1.628    32.7869    17.1944  4370.0000 262200.000   72.83333 279.436979  0.000e+00
  1023.7760   4.252021    17.1846      1.618    32.7816    17.1848  4380.0000 262800.000   73.00000 279.443924  0.000e+00
  1023.7720   4.250325    17.1763      1.628    32.7738    17.1766  4390.0000 263400.000   73.16667 279.450868  0.000e+00
  1023.7724   4.252888    17.1955      1.628    32.7802    17.1958  4400.0000 264000.000   73.33333 279.457812  0.000e+00
  1023.7745   4.254531    17.2057      1.618    32.7861    17.2060  4410.0000 264600.000   73.50000 279.464757  0.000e+00
  1023.7731   4.255048    17.2112      1.600    32.7861    17.2114  4420.0000 265200.000   73.66667 279.471701  0.000e+00
  1023.7722   4.254657    17.2094      1.621    32.7842    17.2096  4430.0000 265800.000   73.83333 279.478646  0.000e+00
  1023.7730   4.254538    17.2075      1.611    32.7847    17.2077  4440.0000 266400.000   74.00000 279.485590  0.000e+00
  1023.7702   4.254796    17.2126      1.607    32.7828    17.2129  4450.0000 267000.000   74.16667 279.492535  0.000e+00
  1023.7708   4.256260    17.2233      1.628    32.7867    17.2236  4460.0000 267600.000   74.33333 279.499479  0.000e+00
  1023.7721   4.256631    17.2246      1.605    32.7889    17.2248  4470.0000 268200.000   74.50000 279.506424  0.000e+00
  1023.7672   4.255339    17.2202      1.594    32.7813    17.2205  4480.0000 268800.000   74.66667 279.513368  0.000e+00
  1023.7664   4.255882    17.2255      1.606    32.7817    17.2258  4490.0000 269400.000   74.83333 279.520312  0.000e+00
  1023.7638   4.254862    17.2206      1.591    32.7769    17.2208  4500.0000 270000.000   75.00000 279.527257  0.000e+00
  1023.7682   4.256088    17.2249      1.600    32.7839    17.2252  4510.0000 270600.000   75.16667 279.534201  0.000e+00
  1023.7656   4.255816    17.2258      1.588    32.7809    17.2260  4520.0000 271200.000   75.33333 279.541146  0.000e+00
  1023.7688   4.257797    17.2374      1.628    32.7884    17.2377  4530.0000 271800.000   75.50000 279.548090  0.000e+00
  1023.7650   4.256313    17.2304      1.617    32.7814    17.2307  4540.0000 272400.000   75.66667 279.555035  0.000e+00
  1023.7736   4.259765    17.2466      1.552    32.7980    17.2469  4550.0000 273000.000   75.83333 279.561979  0.000e+00
  1023.7694   4.259189    17.2473      1.598    32.7924    17.2476  4560.0000 273600.000   76.00000 279.568924  0.000e+00
  1023.7688   4.259295    17.2488      1.593    32.7921    17.2490  4570.0000 274200.000   76.16667 279.575868  0.000e+00
  1023.7693   4.259116    17.2470      1.632    32.7920    17.2473  4580.0000 274800.000   76.33333 279.582812  0.000e+00
  1023.7684   4.258188    17.2408      1.607    32.7891    17.2411  4590.0000 275400.000   76.50000 279.589757  0.000e+00
  1023.7690   4.258142    17.2399      1.612    32.7895    17.2401  4600.0000 276000.000   76.66667 279.596701  0.000e+00
  1023.7689   4.258778    17.2447      1.586    32.7910    17.2450  4610.0000 276600.000   76.83333 279.603646  0.000e+00
  1023.7689   4.258274    17.2408      1.577    32.7898    17.2411  4620.0000 277200.000   77.00000 279.610590  0.000e+00
  1023.7690   4.258659    17.2437      1.599    32.7907    17.2440  4630.0000 277800.000   77.16667 279.617535  0.000e+00
  1023.7690   4.258910    17.2456      1.607    32.7914    17.2459  4640.0000 278400.000   77.33333 279.624479  0.000e+00
  1023.7686   4.258672    17.2443      1.598    32.7904    17.2445  4650.0000 279000.000   77.50000 279.631424  0.000e+00
  1023.7693   4.258725    17.2438      1.570    32.7913    17.2440  4660.0000 279600.000   77.66667 279.638368  0.000e+00
  1023.7692   4.259646    17.2510      1.590    32.7933    17.2513  4670.0000 280200.000   77.83333 279.645312  0.000e+00
  1023.7705   4.260349    17.2550      1.612    32.7961    17.2553  4680.0000 280800.000   78.00000 279.652257  0.000e+00
  1023.7704   4.260349    17.2551      1.606    32.7961    17.2553  4690.0000 281400.000   78.16667 279.659201  0.000e+00
  1023.7710   4.260309    17.2540      1.606    32.7966    17.2543  4700.0000 282000.000   78.33333 279.666146  0.000e+00
  1023.7712   4.260017    17.2516      1.596    32.7960    17.2519  4710.0000 282600.000   78.50000 279.673090  0.000e+00
  1023.7717   4.260163    17.2522      1.609    32.7968    17.2525  4720.0000 283200.000   78.66667 279.680035  0.000e+00
  1023.7721   4.259865    17.2494      1.595    32.7966    17.2496  4730.0000 283800.000   78.83333 279.686979  0.000e+00
  1023.7728   4.259653    17.2470      1.618    32.7966    17.2473  4740.0000 284400.000   79.00000 279.693924  0.000e+00
  1023.7725   4.260322    17.2524      1.597    32.7980    17.2527  4750.0000 285000.000   79.16667 279.700868  0.000e+00
  1023.7737   4.260123    17.2495      1.601    32.7986    17.2498  4760.0000 285600.000   79.33333 279.707812  0.000e+00
  1023.7739   4.260760    17.2541      1.608    32.8004    17.2544  4770.0000 286200.000   79.50000 279.714757  0.000e+00
  1023.7748   4.261316    17.2572      1.584    32.8027    17.2575  4780.0000 286800.000   79.66667 279.721701  0.000e+00
  1023.7751   4.261654    17.2596      1.593    32.8037    17.2598  4790.0000 287400.000   79.83333 279.728646  0.000e+00
  1023.7752   4.262324    17.2647      1.600    32.8053    17.2649  4800.0000 288000.000   80.00000 279.735590  0.000e+00
  1023.7756   4.262324    17.2641      1.591    32.8058    17.2643  4810.0000 288600.000   80.16667 279.742535  0.000e+00
  1023.7761   4.262722    17.2666      1.587    32.8071    17.2669  4820.0000 289200.000   80.33333 279.749479  0.000e+00
  1023.7760   4.262456    17.2648      1.607    32.8063    17.2650  4830.0000 289800.000   80.50000 279.756424  0.000e+00
  1023.7759   4.262549    17.2656      1.602    32.8065    17.2658  4840.0000 290400.000   80.66667 279.763368  0.000e+00
  1023.7762   4.263007    17.2687      1.596    32.8079    17.2689  4850.0000 291000.000   80.83333 279.770312  0.000e+00
  1023.7759   4.262059    17.2617      1.583    32.8055    17.2619  4860.0000 291600.000   81.00000 279.777257  0.000e+00
  1023.7756   4.262152    17.2628      1.578    32.8053    17.2630  4870.0000 292200.000   81.16667 279.784201  0.000e+00
  1023.7753   4.262198    17.2636      1.591    32.8051    17.2638  4880.0000 292800.000   81.33333 279.791146  0.000e+00
  1023.7752   4.262688    17.2675      1.595    32.8062    17.2677  4890.0000 293400.000   81.50000 279.798090  0.000e+00
  1023.7743   4.261800    17.2617      1.605    32.8032    17.2619  4900.0000 294000.000   81.66667 279.805035  0.000e+00
  1023.7747   4.262244    17.2645      1.575    32.8047    17.2648  4910.0000 294600.000   81.83333 279.811979  0.000e+00
  1023.7748   4.262211    17.2642      1.596    32.8047    17.2644  4920.0000 295200.000   82.00000 279.818924  0.000e+00
  1023.7748   4.262059    17.2630      1.591    32.8043    17.2633  4930.0000 295800.000   82.16667 279.825868  0.000e+00
  1023.7747   4.261999    17.2627      1.582    32.8041    17.2630  4940.0000 296400.000   82.33333 279.832812  0.000e+00
  1023.7742   4.261873    17.2622      1.570    32.8034    17.2624  4950.0000 297000.000   82.50000 279.839757  0.000e+00
  1023.7738   4.261787    17.2621      1.591    32.8028    17.2624  4960.0000 297600.000   82.66667 279.846701  0.000e+00
  1023.7743   4.261794    17.2617      1.599    32.8032    17.2619  4970.0000 298200.000   82.83333 279.853646  0.000e+00
  1023.7739   4.261807    17.2621      1.571    32.8029    17.2624  4980.0000 298800.000   83.00000 279.860590  0.000e+00
  1023.7736   4.261760    17.2621      1.582    32.8025    17.2624  4990.0000 299400.000   83.16667 279.867535  0.000e+00
  1023.7735   4.261701    17.2618      1.591    32.8022    17.2621  5000.0000 300000.000   83.33333 279.874479  0.000e+00
  1023.7725   4.261575    17.2621      1.604    32.8009    17.2624  5010.0000 300600.000   83.50000 279.881424  0.000e+00
  1023.7715   4.261482    17.2624      1.578    32.7999    17.2626  5020.0000 301200.000   83.66667 279.888368  0.000e+00
  1023.7704   4.261356    17.2626      1.565    32.7986    17.2629  5030.0000 301800.000   83.83333 279.895312  0.000e+00
  1023.7711   4.261363    17.2621      1.601    32.7991    17.2624  5040.0000 302400.000   84.00000 279.902257  0.000e+00
  1023.7705   4.261363    17.2625      1.564    32.7988    17.2628  5050.0000 303000.000   84.16667 279.909201  0.000e+00
  1023.7697   4.261144    17.2620      1.600    32.7973    17.2623  5060.0000 303600.000   84.33333 279.916146  0.000e+00
  1023.7692   4.261091    17.2620      1.561    32.7969    17.2623  5070.0000 304200.000   84.50000 279.923090  0.000e+00
  1023.7691   4.260998    17.2615      1.593    32.7965    17.2617  5080.0000 304800.000   84.66667 279.930035  0.000e+00
  1023.7688   4.260925    17.2612      1.573    32.7961    17.2615  5090.0000 305400.000   84.83333 279.936979  0.000e+00
  1023.7679   4.260766    17.2611      1.584    32.7948    17.2613  5100.0000 306000.000   85.00000 279.943924  0.000e+00
  1023.7680   4.260653    17.2600      1.568    32.7947    17.2603  5110.0000 306600.000   85.16667 279.950868  0.000e+00
  1023.7674   4.260647    17.2609      1.605    32.7939    17.2611  5120.0000 307200.000   85.33333 279.957812  0.000e+00
  1023.7668   4.260382    17.2597      1.628    32.7926    17.2599  5130.0000 307800.000   85.50000 279.964757  0.000e+00
  1023.7666   4.260143    17.2580      1.617    32.7919    17.2583  5140.0000 308400.000   85.66667 279.971701  0.000e+00
  1023.7670   4.260030    17.2566      1.599    32.7922    17.2568  5150.0000 309000.000   85.83333 279.978646  0.000e+00
  1023.7673   4.260614    17.2607      1.593    32.7938    17.2610  5160.0000 309600.000   86.00000 279.985590  0.000e+00
  1023.7667   4.261608    17.2690      1.582    32.7956    17.2693  5170.0000 310200.000   86.16667 279.992535  0.000e+00
  1023.7674   4.263192    17.2803      1.574    32.8001    17.2805  5180.0000 310800.000   86.33333 279.999479  0.000e+00
  1023.7683   4.262576    17.2746      1.602    32.7994    17.2749  5190.0000 311400.000   86.50000 280.006424  0.000e+00
  1023.7669   4.264120    17.2881      1.596    32.8017    17.2883  5200.0000 312000.000   86.66667 280.013368  0.000e+00
  1023.7670   4.263583    17.2838      1.587    32.8006    17.2841  5210.0000 312600.000   86.83333 280.020312  0.000e+00
  1023.7639   4.260905    17.2669      1.605    32.7912    17.2672  5220.0000 313200.000   87.00000 280.027257  0.000e+00
  1023.7624   4.260706    17.2671      1.605    32.7894    17.2674  5230.0000 313800.000   87.16667 280.034201  0.000e+00
