sbe37sm-rs232_03710614_2023_10_11_pogo.cnv
* Sea-Bird SBE37SM-RS232  Data File:
* FileName = C:\Users\OZE\POGO2023\SBE37SM-RS232_03710614_2023_10_11_POGO.hex
* Software version SeatermV2 2.3.0
* Temperature SN = 10614
* Conductivity SN = 10614
* System UpLoad Time = Oct 11 2023 11:10:17
* sample interval = 600 seconds
* <ApplicationData>
# nquan = 11
# nvalues = 1161                                  
# units = specified
# name 0 = density00: Density [density, kg/m^3]
# name 1 = cond0S/m: Conductivity [S/m]
# name 2 = potemp090C: Potential Temperature [ITS-90, deg C]
# name 3 = prdM: Pressure, Strain Gauge [db]
# name 4 = sal00: Salinity, Practical [PSU]
# name 5 = tv290C: Temperature [ITS-90, deg C]
# name 6 = timeM: Time, Elapsed [minutes]
# name 7 = timeS: Time, Elapsed [seconds]
# name 8 = timeH: Time, Elapsed [hours]
# name 9 = timeJ: Julian Days
# name 10 = flag:  0.000e+00
# span 0 =   997.7035,  1023.8493                 
# span 1 =   0.000179,   4.290404                 
# span 2 =    16.2288,    22.3339                 
# span 3 =     -0.102,      1.756                 
# span 4 =     0.0102,    32.9426                 
# span 5 =    16.2291,    22.3339                 
# span 6 =     0.0000, 11600.0000                 
# span 7 =      0.000, 696000.000                 
# span 8 =    0.00000,  193.33333                 
# span 9 = 276.402257, 284.457812                 
# span 10 = 0.0000e+00, 0.0000e+00                
# interval = seconds: 600
# start_time = Oct 03 2023 09:39:15 [Instrument's time stamp, first data scan]
# bad_flag = -9.990e-29
*END*
[from data line 263]
  1023.8268   4.253962    17.1395      1.420    32.8351    17.1397  2630.0000 157800.000   43.83333 278.228646  0.000e+00
  1023.8304   4.256300    17.1532      1.419    32.8441    17.1535  2640.0000 158400.000   44.00000 278.235590  0.000e+00
  1023.8370   4.253512    17.1242      1.435    32.8436    17.1245  2650.0000 159000.000   44.16667 278.242535  0.000e+00
  1023.8347   4.255293    17.1406      1.426    32.8457    17.1408  2660.0000 159600.000   44.33333 278.249479  0.000e+00
  1023.8329   4.257268    17.1578      1.418    32.8487    17.1580  2670.0000 160200.000   44.50000 278.256424  0.000e+00
  1023.8397   4.257877    17.1546      1.424    32.8566    17.1549  2680.0000 160800.000   44.66667 278.263368  0.000e+00
  1023.8490   4.251022    17.0911      1.418    32.8492    17.0913  2690.0000 161400.000   44.83333 278.270312  0.000e+00
  1023.8432   4.254028    17.1210      1.435    32.8508    17.1212  2700.0000 162000.000   45.00000 278.277257  0.000e+00
  1023.8457   4.252565    17.1068      1.431    32.8497    17.1070  2710.0000 162600.000   45.16667 278.284201  0.000e+00
  1023.8430   4.252737    17.1113      1.439    32.8475    17.1115  2720.0000 163200.000   45.33333 278.291146  0.000e+00
  1023.8415   4.254763    17.1286      1.432    32.8509    17.1289  2730.0000 163800.000   45.50000 278.298090  0.000e+00
  1023.8421   4.255399    17.1329      1.452    32.8528    17.1332  2740.0000 164400.000   45.66667 278.305035  0.000e+00
  1023.8418   4.256691    17.1432      1.461    32.8556    17.1434  2750.0000 165000.000   45.83333 278.311979  0.000e+00
  1023.8403   4.255896    17.1386      1.424    32.8525    17.1388  2760.0000 165600.000   46.00000 278.318924  0.000e+00
  1023.8390   4.254737    17.1314      1.441    32.8484    17.1316  2770.0000 166200.000   46.16667 278.325868  0.000e+00
  1023.8331   4.254353    17.1353      1.446    32.8419    17.1355  2780.0000 166800.000   46.33333 278.332812  0.000e+00
  1023.8358   4.256651    17.1498      1.441    32.8499    17.1500  2790.0000 167400.000   46.50000 278.339757  0.000e+00
  1023.8338   4.257235    17.1566      1.440    32.8494    17.1568  2800.0000 168000.000   46.66667 278.346701  0.000e+00
  1023.8408   4.255631    17.1362      1.458    32.8522    17.1364  2810.0000 168600.000   46.83333 278.353646  0.000e+00
  1023.8373   4.257579    17.1552      1.441    32.8535    17.1555  2820.0000 169200.000   47.00000 278.360590  0.000e+00
  1023.8338   4.259348    17.1729      1.455    32.8544    17.1731  2830.0000 169800.000   47.16667 278.367535  0.000e+00
  1023.8345   4.257884    17.1608      1.452    32.8516    17.1611  2840.0000 170400.000   47.33333 278.374479  0.000e+00
  1023.8333   4.256910    17.1548      1.456    32.8481    17.1550  2850.0000 171000.000   47.50000 278.381424  0.000e+00
  1023.8310   4.256188    17.1519      1.463    32.8442    17.1522  2860.0000 171600.000   47.66667 278.388368  0.000e+00
  1023.8326   4.255982    17.1485      1.468    32.8452    17.1487  2870.0000 172200.000   47.83333 278.395312  0.000e+00
  1023.8284   4.257950    17.1685      1.459    32.8459    17.1687  2880.0000 172800.000   48.00000 278.402257  0.000e+00
  1023.8231   4.258407    17.1782      1.466    32.8419    17.1785  2890.0000 173400.000   48.16667 278.409201  0.000e+00
  1023.8197   4.258758    17.1849      1.469    32.8395    17.1851  2900.0000 174000.000   48.33333 278.416146  0.000e+00
  1023.8137   4.260674    17.2065      1.458    32.8384    17.2068  2910.0000 174600.000   48.50000 278.423090  0.000e+00
  1023.8136   4.260501    17.2054      1.480    32.8378    17.2056  2920.0000 175200.000   48.66667 278.430035  0.000e+00
  1023.8158   4.259878    17.1980      1.472    32.8385    17.1982  2930.0000 175800.000   48.83333 278.436979  0.000e+00
  1023.8145   4.256890    17.1765      1.461    32.8302    17.1767  2940.0000 176400.000   49.00000 278.443924  0.000e+00
  1023.8088   4.259395    17.2023      1.450    32.8308    17.2025  2950.0000 177000.000   49.16667 278.450868  0.000e+00
  1023.8152   4.258367    17.1870      1.459    32.8344    17.1873  2960.0000 177600.000   49.33333 278.457812  0.000e+00
  1023.8068   4.268989    17.2784      1.487    32.8515    17.2786  2970.0000 178200.000   49.50000 278.464757  0.000e+00
  1023.8068   4.267523    17.2670      1.462    32.8481    17.2673  2980.0000 178800.000   49.66667 278.471701  0.000e+00
  1023.8042   4.271032    17.2970      1.458    32.8539    17.2973  2990.0000 179400.000   49.83333 278.478646  0.000e+00
  1023.7978   4.271894    17.3110      1.451    32.8500    17.3112  3000.0000 180000.000   50.00000 278.485590  0.000e+00
  1023.7963   4.272074    17.3143      1.473    32.8489    17.3145  3010.0000 180600.000   50.16667 278.492535  0.000e+00
  1023.7924   4.273255    17.3278      1.465    32.8480    17.3281  3020.0000 181200.000   50.33333 278.499479  0.000e+00
  1023.7969   4.276553    17.3479      1.473    32.8600    17.3481  3030.0000 181800.000   50.50000 278.506424  0.000e+00
  1023.7920   4.278538    17.3686      1.450    32.8603    17.3688  3040.0000 182400.000   50.66667 278.513368  0.000e+00
  1023.7931   4.279136    17.3721      1.488    32.8626    17.3723  3050.0000 183000.000   50.83333 278.520312  0.000e+00
  1023.7927   4.278538    17.3679      1.477    32.8608    17.3681  3060.0000 183600.000   51.00000 278.527257  0.000e+00
  1023.7928   4.278027    17.3639      1.469    32.8597    17.3641  3070.0000 184200.000   51.16667 278.534201  0.000e+00
  1023.7941   4.277310    17.3570      1.494    32.8591    17.3573  3080.0000 184800.000   51.33333 278.541146  0.000e+00
  1023.7948   4.275664    17.3435      1.479    32.8559    17.3438  3090.0000 185400.000   51.50000 278.548090  0.000e+00
  1023.7931   4.277655    17.3608      1.485    32.8590    17.3610  3100.0000 186000.000   51.66667 278.555035  0.000e+00
  1023.7930   4.279229    17.3728      1.477    32.8627    17.3731  3110.0000 186600.000   51.83333 278.561979  0.000e+00
  1023.7912   4.279641    17.3781      1.461    32.8620    17.3783  3120.0000 187200.000   52.00000 278.568924  0.000e+00
  1023.7932   4.280218    17.3801      1.442    32.8654    17.3803  3130.0000 187800.000   52.16667 278.575868  0.000e+00
  1023.7944   4.280471    17.3805      1.425    32.8672    17.3807  3140.0000 188400.000   52.33333 278.582812  0.000e+00
  1023.7930   4.281261    17.3883      1.468    32.8676    17.3886  3150.0000 189000.000   52.50000 278.589757  0.000e+00
  1023.7938   4.281168    17.3868      1.477    32.8681    17.3870  3160.0000 189600.000   52.66667 278.596701  0.000e+00
  1023.7968   4.285227    17.4143      1.489    32.8805    17.4145  3170.0000 190200.000   52.83333 278.603646  0.000e+00
  1023.7965   4.283732    17.4032      1.484    32.8767    17.4035  3180.0000 190800.000   53.00000 278.610590  0.000e+00
  1023.7950   4.282450    17.3951      1.475    32.8723    17.3954  3190.0000 191400.000   53.16667 278.617535  0.000e+00
  1023.7953   4.283141    17.4001      1.485    32.8742    17.4003  3200.0000 192000.000   53.33333 278.624479  0.000e+00
  1023.7949   4.283201    17.4010      1.476    32.8740    17.4012  3210.0000 192600.000   53.50000 278.631424  0.000e+00
  1023.8004   4.282158    17.3866      1.462    32.8767    17.3868  3220.0000 193200.000   53.66667 278.638368  0.000e+00
  1023.7974   4.282191    17.3904      1.474    32.8739    17.3907  3230.0000 193800.000   53.83333 278.645312  0.000e+00
  1023.7987   4.281786    17.3858      1.487    32.8741    17.3861  3240.0000 194400.000   54.00000 278.652257  0.000e+00
  1023.8006   4.280677    17.3751      1.472    32.8733    17.3754  3250.0000 195000.000   54.16667 278.659201  0.000e+00
  1023.8005   4.280159    17.3712      1.472    32.8721    17.3714  3260.0000 195600.000   54.33333 278.666146  0.000e+00
  1023.8017   4.279940    17.3681      1.477    32.8726    17.3684  3270.0000 196200.000   54.50000 278.673090  0.000e+00
  1023.8057   4.278067    17.3492      1.475    32.8720    17.3494  3280.0000 196800.000   54.66667 278.680035  0.000e+00
  1023.8043   4.278751    17.3560      1.466    32.8723    17.3562  3290.0000 197400.000   54.83333 278.686979  0.000e+00
  1023.8072   4.277961    17.3466      1.474    32.8732    17.3468  3300.0000 198000.000   55.00000 278.693924  0.000e+00
  1023.8071   4.277138    17.3404      1.473    32.8711    17.3407  3310.0000 198600.000   55.16667 278.700868  0.000e+00
  1023.8057   4.277722    17.3466      1.488    32.8711    17.3468  3320.0000 199200.000   55.33333 278.707812  0.000e+00
  1023.8078   4.277025    17.3388      1.463    32.8715    17.3390  3330.0000 199800.000   55.50000 278.714757  0.000e+00
  1023.8083   4.276593    17.3349      1.470    32.8710    17.3351  3340.0000 200400.000   55.66667 278.721701  0.000e+00
  1023.8107   4.275438    17.3233      1.481    32.8704    17.3236  3350.0000 201000.000   55.83333 278.728646  0.000e+00
  1022.7005   4.106574    17.3276      1.680    31.4213    17.3279  3360.0000 201600.000   56.00000 278.735590  0.000e+00
  1022.5945   4.089810    17.3234      1.677    31.2816    17.3236  3370.0000 202200.000   56.16667 278.742535  0.000e+00
  1023.0882   4.164077    17.3138      1.674    31.9233    17.3141  3380.0000 202800.000   56.33333 278.749479  0.000e+00
  1023.8107   4.275332    17.3234      1.676    32.8694    17.3236  3390.0000 203400.000   56.50000 278.756424  0.000e+00
  1023.4081   4.212834    17.3137      1.670    32.3409    17.3140  3400.0000 204000.000   56.66667 278.763368  0.000e+00
  1021.5772   3.931266    17.3055      1.680    29.9470    17.3058  3410.0000 204600.000   56.83333 278.770312  0.000e+00
  1023.1576   4.172780    17.2991      1.666    32.0095    17.2993  3420.0000 205200.000   57.00000 278.777257  0.000e+00
  1023.2353   4.186162    17.3110      1.678    32.1145    17.3113  3430.0000 205800.000   57.16667 278.784201  0.000e+00
  1022.9210   4.138064    17.3101      1.675    31.7038    17.3104  3440.0000 206400.000   57.33333 278.791146  0.000e+00
  1023.8142   4.273793    17.3076      1.677    32.8690    17.3078  3450.0000 207000.000   57.50000 278.798090  0.000e+00
  1023.8149   4.274045    17.3086      1.670    32.8703    17.3089  3460.0000 207600.000   57.66667 278.805035  0.000e+00
  1023.8069   4.272107    17.3031      1.674    32.8582    17.3033  3470.0000 208200.000   57.83333 278.811979  0.000e+00
  1023.8159   4.273507    17.3033      1.674    32.8700    17.3036  3480.0000 208800.000   58.00000 278.818924  0.000e+00
  1023.8163   4.273368    17.3018      1.682    32.8700    17.3021  3490.0000 209400.000   58.16667 278.825868  0.000e+00
  1023.8180   4.272777    17.2953      1.672    32.8702    17.2956  3500.0000 210000.000   58.33333 278.832812  0.000e+00
  1023.8171   4.273089    17.2988      1.680    32.8700    17.2991  3510.0000 210600.000   58.50000 278.839757  0.000e+00
  1023.8169   4.273069    17.2988      1.669    32.8699    17.2991  3520.0000 211200.000   58.66667 278.846701  0.000e+00
  1023.4160   4.211943    17.2975      1.673    32.3462    17.2978  3530.0000 211800.000   58.83333 278.853646  0.000e+00
  1023.8156   4.273222    17.3015      1.675    32.8690    17.3018  3540.0000 212400.000   59.00000 278.860590  0.000e+00
  1023.7790   4.267960    17.3038      1.676    32.8220    17.3040  3550.0000 213000.000   59.16667 278.867535  0.000e+00
  1023.6609   4.249523    17.3000      1.678    32.6666    17.3003  3560.0000 213600.000   59.33333 278.874479  0.000e+00
  1023.8163   4.271968    17.2911      1.670    32.8667    17.2914  3570.0000 214200.000   59.50000 278.881424  0.000e+00
  1023.8164   4.272671    17.2964      1.671    32.8684    17.2967  3580.0000 214800.000   59.66667 278.888368  0.000e+00
  1023.8168   4.272618    17.2954      1.669    32.8688    17.2957  3590.0000 215400.000   59.83333 278.895312  0.000e+00
  1023.8162   4.272153    17.2927      1.672    32.8670    17.2929  3600.0000 216000.000   60.00000 278.902257  0.000e+00
  1023.8169   4.271769    17.2889      1.680    32.8667    17.2892  3610.0000 216600.000   60.16667 278.909201  0.000e+00
  1023.8173   4.271331    17.2850      1.674    32.8661    17.2853  3620.0000 217200.000   60.33333 278.916146  0.000e+00
  1023.8159   4.269526    17.2729      1.686    32.8605    17.2732  3630.0000 217800.000   60.50000 278.923090  0.000e+00
  1023.7946   4.268644    17.2908      1.678    32.8383    17.2911  3640.0000 218400.000   60.66667 278.930035  0.000e+00
  1023.7964   4.270309    17.3016      1.679    32.8439    17.3019  3650.0000 219000.000   60.83333 278.936979  0.000e+00
  1023.8059   4.270733    17.2938      1.674    32.8539    17.2941  3660.0000 219600.000   61.00000 278.943924  0.000e+00
  1023.7953   4.272638    17.3207      1.687    32.8484    17.3209  3670.0000 220200.000   61.16667 278.950868  0.000e+00
  1023.7957   4.273600    17.3276      1.676    32.8510    17.3279  3680.0000 220800.000   61.33333 278.957812  0.000e+00
  1023.7830   4.269871    17.3138      1.677    32.8302    17.3141  3690.0000 221400.000   61.50000 278.964757  0.000e+00
  1023.7797   4.266541    17.2920      1.674    32.8193    17.2923  3700.0000 222000.000   61.66667 278.971701  0.000e+00
  1023.8009   4.270362    17.2967      1.668    32.8483    17.2970  3710.0000 222600.000   61.83333 278.978646  0.000e+00
  1023.8043   4.270037    17.2903      1.682    32.8507    17.2906  3720.0000 223200.000   62.00000 278.985590  0.000e+00
  1023.8037   4.270269    17.2928      1.688    32.8507    17.2931  3730.0000 223800.000   62.16667 278.992535  0.000e+00
  1023.8053   4.269970    17.2886      1.664    32.8516    17.2889  3740.0000 224400.000   62.33333 278.999479  0.000e+00
  1023.8033   4.267510    17.2721      1.678    32.8438    17.2724  3750.0000 225000.000   62.50000 279.006424  0.000e+00
  1023.8014   4.266608    17.2674      1.677    32.8399    17.2676  3760.0000 225600.000   62.66667 279.013368  0.000e+00
  1023.7958   4.267914    17.2838      1.670    32.8378    17.2841  3770.0000 226200.000   62.83333 279.020312  0.000e+00
  1023.7821   4.265878    17.2842      1.672    32.8199    17.2845  3780.0000 226800.000   63.00000 279.027257  0.000e+00
  1023.7783   4.265632    17.2867      1.649    32.8158    17.2869  3790.0000 227400.000   63.16667 279.034201  0.000e+00
  1023.7821   4.264028    17.2700      1.649    32.8156    17.2702  3800.0000 228000.000   63.33333 279.041146  0.000e+00
  1023.7941   4.266064    17.2716      1.667    32.8318    17.2719  3810.0000 228600.000   63.50000 279.048090  0.000e+00
  1023.7844   4.263345    17.2619      1.639    32.8163    17.2622  3820.0000 229200.000   63.66667 279.055035  0.000e+00
  1023.7772   4.260773    17.2507      1.665    32.8033    17.2509  3830.0000 229800.000   63.83333 279.061979  0.000e+00
  1023.7836   4.262762    17.2584      1.640    32.8141    17.2587  3840.0000 230400.000   64.00000 279.068924  0.000e+00
  1023.7800   4.259805    17.2399      1.647    32.8037    17.2402  3850.0000 231000.000   64.16667 279.075868  0.000e+00
  1023.7812   4.253908    17.1934      1.672    32.7907    17.1936  3860.0000 231600.000   64.33333 279.082812  0.000e+00
  1023.7784   4.256465    17.2162      1.649    32.7942    17.2164  3870.0000 232200.000   64.50000 279.089757  0.000e+00
  1023.7833   4.260103    17.2384      1.636    32.8075    17.2386  3880.0000 232800.000   64.66667 279.096701  0.000e+00
  1023.7847   4.261012    17.2437      1.647    32.8110    17.2440  3890.0000 233400.000   64.83333 279.103646  0.000e+00
  1023.7694   4.252835    17.1988      1.674    32.7771    17.1991  3900.0000 234000.000   65.00000 279.110590  0.000e+00
  1023.7938   4.264877    17.2629      1.667    32.8287    17.2631  3910.0000 234600.000   65.16667 279.117535  0.000e+00
  1023.7859   4.260070    17.2350      1.641    32.8100    17.2353  3920.0000 235200.000   65.33333 279.124479  0.000e+00
