sbe37sm-rs232_03710614_2023_10_11_pogo.cnv
* Sea-Bird SBE37SM-RS232  Data File:
* FileName = C:\Users\OZE\POGO2023\SBE37SM-RS232_03710614_2023_10_11_POGO.hex
* Software version SeatermV2 2.3.0
* Temperature SN = 10614
* Conductivity SN = 10614
* System UpLoad Time = Oct 11 2023 11:10:17
* sample interval = 600 seconds
* <ApplicationData>
# nquan = 11
# nvalues = 1161                                  
# units = specified
# name 0 = density00: Density [density, kg/m^3]
# name 1 = cond0S/m: Conductivity [S/m]
# name 2 = potemp090C: Potential Temperature [ITS-90, deg C]
# name 3 = prdM: Pressure, Strain Gauge [db]
# name 4 = sal00: Salinity, Practical [PSU]
# name 5 = tv290C: Temperature [ITS-90, deg C]
# name 6 = timeM: Time, Elapsed [minutes]
# name 7 = timeS: Time, Elapsed [seconds]
# name 8 = timeH: Time, Elapsed [hours]
# name 9 = timeJ: Julian Days
# name 10 = flag:  0.000e+00
# span 0 =   997.7035,  1023.8493                 
# span 1 =   0.000179,   4.290404                 
# span 2 =    16.2288,    22.3339                 
# span 3 =     -0.102,      1.756                 
# span 4 =     0.0102,    32.9426                 
# span 5 =    16.2291,    22.3339                 
# span 6 =     0.0000, 11600.0000                 
# span 7 =      0.000, 696000.000                 
# span 8 =    0.00000,  193.33333                 
# span 9 = 276.402257, 284.457812                 
# span 10 = 0.0000e+00, 0.0000e+00                
# interval = seconds: 600
# start_time = Oct 03 2023 09:39:15 [Instrument's time stamp, first data scan]
# bad_flag = -9.990e-29
*END*
   997.7107   0.000257    22.3027     -0.102     0.0111    22.3027     0.0000      0.000    0.00000 276.402257  0.000e+00
   997.7123   0.000254    22.2958     -0.097     0.0111    22.2958    10.0000    600.000    0.16667 276.409201  0.000e+00
   997.7035   0.000254    22.3339     -0.097     0.0111    22.3339    20.0000   1200.000    0.33333 276.416146  0.000e+00
   997.7361   0.000252    22.1921     -0.090     0.0110    22.1920    30.0000   1800.000    0.50000 276.423090  0.000e+00
   997.7596   0.000249    22.0889     -0.084     0.0110    22.0889    40.0000   2400.000    0.66667 276.430035  0.000e+00
   997.7503   0.000246    22.1296     -0.085     0.0110    22.1296    50.0000   3000.000    0.83333 276.436979  0.000e+00
   997.7816   0.000246    21.9924     -0.082     0.0110    21.9924    60.0000   3600.000    1.00000 276.443924  0.000e+00
   997.8326   0.000243    21.7663     -0.078     0.0109    21.7663    70.0000   4200.000    1.16667 276.450868  0.000e+00
   997.8872   0.000240    21.5215     -0.075     0.0108    21.5215    80.0000   4800.000    1.33333 276.457812  0.000e+00
   997.9457   0.000237    21.2559     -0.073     0.0107    21.2559    90.0000   5400.000    1.50000 276.464757  0.000e+00
   997.9946   0.000233    21.0319     -0.072     0.0106    21.0319   100.0000   6000.000    1.66667 276.471701  0.000e+00
   998.0217   0.000228    20.9066     -0.068     0.0105    20.9066   110.0000   6600.000    1.83333 276.478646  0.000e+00
   998.0393   0.000225    20.8249     -0.067     0.0105    20.8249   120.0000   7200.000    2.00000 276.485590  0.000e+00
   998.0495   0.000222    20.7771     -0.066     0.0105    20.7770   130.0000   7800.000    2.16667 276.492535  0.000e+00
   998.0476   0.000219    20.7861     -0.062     0.0105    20.7861   140.0000   8400.000    2.33333 276.499479  0.000e+00
   998.0436   0.000216    20.8046     -0.059     0.0105    20.8046   150.0000   9000.000    2.50000 276.506424  0.000e+00
   998.0387   0.000213    20.8276     -0.058     0.0105    20.8276   160.0000   9600.000    2.66667 276.513368  0.000e+00
   998.0334   0.000211    20.8524     -0.055     0.0105    20.8524   170.0000  10200.000    2.83333 276.520312  0.000e+00
   998.0268   0.000208    20.8830     -0.055     0.0105    20.8830   180.0000  10800.000    3.00000 276.527257  0.000e+00
   998.0192   0.000205    20.9181     -0.053     0.0105    20.9181   190.0000  11400.000    3.16667 276.534201  0.000e+00
   998.0099   0.000205    20.9611     -0.052     0.0105    20.9611   200.0000  12000.000    3.33333 276.541146  0.000e+00
   998.0002   0.000202    21.0060     -0.051     0.0105    21.0059   210.0000  12600.000    3.50000 276.548090  0.000e+00
   997.9890   0.000202    21.0579     -0.051     0.0105    21.0579   220.0000  13200.000    3.66667 276.555035  0.000e+00
   997.9493   0.000197    21.2397     -0.049     0.0106    21.2397   230.0000  13800.000    3.83333 276.561979  0.000e+00
   997.9496   0.000197    21.2385     -0.047     0.0106    21.2385   240.0000  14400.000    4.00000 276.568924  0.000e+00
   997.9503   0.000197    21.2355     -0.045     0.0106    21.2355   250.0000  15000.000    4.16667 276.575868  0.000e+00
   997.9488   0.000194    21.2422     -0.045     0.0106    21.2422   260.0000  15600.000    4.33333 276.582812  0.000e+00
   997.9473   0.000194    21.2493     -0.044     0.0106    21.2493   270.0000  16200.000    4.50000 276.589757  0.000e+00
   997.9461   0.000194    21.2548     -0.042     0.0106    21.2548   280.0000  16800.000    4.66667 276.596701  0.000e+00
   997.9453   0.000194    21.2583     -0.041     0.0106    21.2583   290.0000  17400.000    4.83333 276.603646  0.000e+00
   997.9448   0.000191    21.2607     -0.039     0.0106    21.2607   300.0000  18000.000    5.00000 276.610590  0.000e+00
   997.9441   0.000194    21.2636     -0.039     0.0106    21.2636   310.0000  18600.000    5.16667 276.617535  0.000e+00
   997.9429   0.000191    21.2694     -0.037     0.0106    21.2694   320.0000  19200.000    5.33333 276.624479  0.000e+00
   997.9410   0.000191    21.2780     -0.036     0.0106    21.2780   330.0000  19800.000    5.50000 276.631424  0.000e+00
   997.9385   0.000191    21.2896     -0.035     0.0106    21.2896   340.0000  20400.000    5.66667 276.638368  0.000e+00
   997.9420   0.000191    21.2736     -0.029     0.0106    21.2736   350.0000  21000.000    5.83333 276.645312  0.000e+00
   997.9863   0.000188    21.0706     -0.028     0.0105    21.0706   360.0000  21600.000    6.00000 276.652257  0.000e+00
   998.0457   0.000185    20.7952     -0.030     0.0104    20.7952   370.0000  22200.000    6.16667 276.659201  0.000e+00
   998.0724   0.000185    20.6705     -0.029     0.0103    20.6705   380.0000  22800.000    6.33333 276.666146  0.000e+00
   998.0817   0.000182    20.6269     -0.029     0.0103    20.6269   390.0000  23400.000    6.50000 276.673090  0.000e+00
   998.0851   0.000182    20.6107     -0.028     0.0103    20.6107   400.0000  24000.000    6.66667 276.680035  0.000e+00
   998.0866   0.000182    20.6039     -0.027     0.0103    20.6039   410.0000  24600.000    6.83333 276.686979  0.000e+00
   998.0876   0.000182    20.5992     -0.027     0.0103    20.5992   420.0000  25200.000    7.00000 276.693924  0.000e+00
   998.0884   0.000179    20.5953     -0.026     0.0103    20.5953   430.0000  25800.000    7.16667 276.700868  0.000e+00
   998.0892   0.000179    20.5915     -0.024     0.0103    20.5915   440.0000  26400.000    7.33333 276.707812  0.000e+00
   998.0902   0.000182    20.5869     -0.025     0.0103    20.5869   450.0000  27000.000    7.50000 276.714757  0.000e+00
   998.0910   0.000179    20.5832     -0.022     0.0103    20.5832   460.0000  27600.000    7.66667 276.721701  0.000e+00
   998.0918   0.000182    20.5795     -0.019     0.0103    20.5795   470.0000  28200.000    7.83333 276.728646  0.000e+00
   998.0925   0.000179    20.5762     -0.015     0.0103    20.5762   480.0000  28800.000    8.00000 276.735590  0.000e+00
   998.0929   0.000179    20.5742     -0.015     0.0103    20.5742   490.0000  29400.000    8.16667 276.742535  0.000e+00
   998.0933   0.000182    20.5724     -0.013     0.0103    20.5724   500.0000  30000.000    8.33333 276.749479  0.000e+00
   998.0936   0.000182    20.5710     -0.013     0.0103    20.5710   510.0000  30600.000    8.50000 276.756424  0.000e+00
   998.0937   0.000182    20.5705     -0.012     0.0103    20.5705   520.0000  31200.000    8.66667 276.763368  0.000e+00
   998.0939   0.000182    20.5699     -0.012     0.0103    20.5699   530.0000  31800.000    8.83333 276.770312  0.000e+00
   998.0939   0.000182    20.5696     -0.010     0.0103    20.5696   540.0000  32400.000    9.00000 276.777257  0.000e+00
   998.0940   0.000182    20.5694     -0.007     0.0103    20.5694   550.0000  33000.000    9.16667 276.784201  0.000e+00
   998.0940   0.000185    20.5693     -0.007     0.0103    20.5693   560.0000  33600.000    9.33333 276.791146  0.000e+00
   998.0938   0.000185    20.5703     -0.007     0.0103    20.5703   570.0000  34200.000    9.50000 276.798090  0.000e+00
   998.0938   0.000185    20.5703     -0.005     0.0103    20.5703   580.0000  34800.000    9.66667 276.805035  0.000e+00
   998.0937   0.000185    20.5710     -0.005     0.0103    20.5710   590.0000  35400.000    9.83333 276.811979  0.000e+00
   998.0936   0.000182    20.5714     -0.004     0.0103    20.5714   600.0000  36000.000   10.00000 276.818924  0.000e+00
   998.0935   0.000185    20.5718     -0.004     0.0103    20.5718   610.0000  36600.000   10.16667 276.825868  0.000e+00
   998.0934   0.000185    20.5721     -0.002     0.0103    20.5721   620.0000  37200.000   10.33333 276.832812  0.000e+00
   998.0934   0.000185    20.5721     -0.001     0.0103    20.5721   630.0000  37800.000   10.50000 276.839757  0.000e+00
   998.0934   0.000185    20.5722     -0.000     0.0103    20.5722   640.0000  38400.000   10.66667 276.846701  0.000e+00
   998.0935   0.000185    20.5719      0.001     0.0103    20.5719   650.0000  39000.000   10.83333 276.853646  0.000e+00
   998.0935   0.000185    20.5719      0.004     0.0103    20.5719   660.0000  39600.000   11.00000 276.860590  0.000e+00
   998.0936   0.000185    20.5713      0.002     0.0103    20.5713   670.0000  40200.000   11.16667 276.867535  0.000e+00
   998.0936   0.000182    20.5714      0.004     0.0103    20.5714   680.0000  40800.000   11.33333 276.874479  0.000e+00
   998.0937   0.000185    20.5711      0.005     0.0103    20.5711   690.0000  41400.000   11.50000 276.881424  0.000e+00
   998.0939   0.000185    20.5700      0.004     0.0103    20.5700   700.0000  42000.000   11.66667 276.888368  0.000e+00
   998.0941   0.000185    20.5692      0.005     0.0103    20.5692   710.0000  42600.000   11.83333 276.895312  0.000e+00
   998.0944   0.000185    20.5679      0.006     0.0103    20.5679   720.0000  43200.000   12.00000 276.902257  0.000e+00
   998.0945   0.000185    20.5673      0.004     0.0103    20.5673   730.0000  43800.000   12.16667 276.909201  0.000e+00
   998.0949   0.000185    20.5651      0.005     0.0103    20.5651   740.0000  44400.000   12.33333 276.916146  0.000e+00
   998.0951   0.000185    20.5642      0.006     0.0103    20.5642   750.0000  45000.000   12.50000 276.923090  0.000e+00
   998.0955   0.000185    20.5625      0.007     0.0103    20.5625   760.0000  45600.000   12.66667 276.930035  0.000e+00
   998.0959   0.000185    20.5609      0.009     0.0103    20.5609   770.0000  46200.000   12.83333 276.936979  0.000e+00
   998.0963   0.000185    20.5590      0.009     0.0103    20.5590   780.0000  46800.000   13.00000 276.943924  0.000e+00
   998.0967   0.000185    20.5571      0.011     0.0103    20.5571   790.0000  47400.000   13.16667 276.950868  0.000e+00
   998.0971   0.000185    20.5552      0.012     0.0103    20.5552   800.0000  48000.000   13.33333 276.957812  0.000e+00
   998.0976   0.000185    20.5528      0.012     0.0103    20.5528   810.0000  48600.000   13.50000 276.964757  0.000e+00
   998.0982   0.000185    20.5501      0.014     0.0103    20.5501   820.0000  49200.000   13.66667 276.971701  0.000e+00
   998.0986   0.000185    20.5480      0.014     0.0103    20.5480   830.0000  49800.000   13.83333 276.978646  0.000e+00
   998.0991   0.000182    20.5456      0.014     0.0103    20.5456   840.0000  50400.000   14.00000 276.985590  0.000e+00
   998.0996   0.000185    20.5433      0.015     0.0103    20.5433   850.0000  51000.000   14.16667 276.992535  0.000e+00
   998.1002   0.000185    20.5406      0.014     0.0103    20.5406   860.0000  51600.000   14.33333 276.999479  0.000e+00
   998.1007   0.000182    20.5381      0.016     0.0103    20.5381   870.0000  52200.000   14.50000 277.006424  0.000e+00
   998.1014   0.000185    20.5347      0.017     0.0103    20.5347   880.0000  52800.000   14.66667 277.013368  0.000e+00
   998.1020   0.000185    20.5320      0.019     0.0103    20.5320   890.0000  53400.000   14.83333 277.020312  0.000e+00
   998.1026   0.000185    20.5292      0.021     0.0103    20.5293   900.0000  54000.000   15.00000 277.027257  0.000e+00
   998.1032   0.000185    20.5263      0.020     0.0103    20.5263   910.0000  54600.000   15.16667 277.034201  0.000e+00
   998.1040   0.000185    20.5226      0.021     0.0103    20.5226   920.0000  55200.000   15.33333 277.041146  0.000e+00
   998.1047   0.000185    20.5196      0.022     0.0103    20.5196   930.0000  55800.000   15.50000 277.048090  0.000e+00
   998.1054   0.000185    20.5163      0.022     0.0103    20.5163   940.0000  56400.000   15.66667 277.055035  0.000e+00
   998.1061   0.000182    20.5128      0.022     0.0103    20.5128   950.0000  57000.000   15.83333 277.061979  0.000e+00
   998.1068   0.000185    20.5097      0.024     0.0103    20.5097   960.0000  57600.000   16.00000 277.068924  0.000e+00
   998.1075   0.000185    20.5063      0.025     0.0103    20.5063   970.0000  58200.000   16.16667 277.075868  0.000e+00
   998.1083   0.000185    20.5024      0.025     0.0103    20.5024   980.0000  58800.000   16.33333 277.082812  0.000e+00
   998.1090   0.000185    20.4990      0.024     0.0103    20.4990   990.0000  59400.000   16.50000 277.089757  0.000e+00
   998.1098   0.000185    20.4953      0.024     0.0103    20.4953  1000.0000  60000.000   16.66667 277.096701  0.000e+00
   998.1105   0.000185    20.4922      0.025     0.0103    20.4922  1010.0000  60600.000   16.83333 277.103646  0.000e+00
   998.1112   0.000185    20.4887      0.026     0.0103    20.4887  1020.0000  61200.000   17.00000 277.110590  0.000e+00
   998.1121   0.000185    20.4846      0.026     0.0103    20.4846  1030.0000  61800.000   17.16667 277.117535  0.000e+00
   998.1129   0.000185    20.4810      0.028     0.0103    20.4810  1040.0000  62400.000   17.33333 277.124479  0.000e+00
   998.1136   0.000185    20.4776      0.029     0.0103    20.4776  1050.0000  63000.000   17.50000 277.131424  0.000e+00
   998.1143   0.000185    20.4740      0.028     0.0103    20.4740  1060.0000  63600.000   17.66667 277.138368  0.000e+00
   998.1152   0.000185    20.4697      0.029     0.0103    20.4697  1070.0000  64200.000   17.83333 277.145312  0.000e+00
   998.1160   0.000185    20.4662      0.030     0.0103    20.4662  1080.0000  64800.000   18.00000 277.152257  0.000e+00
   998.1169   0.000185    20.4618      0.030     0.0103    20.4618  1090.0000  65400.000   18.16667 277.159201  0.000e+00
   998.1181   0.000182    20.4563      0.032     0.0103    20.4563  1100.0000  66000.000   18.33333 277.166146  0.000e+00
   998.1196   0.000185    20.4490      0.031     0.0103    20.4490  1110.0000  66600.000   18.50000 277.173090  0.000e+00
   998.1211   0.000185    20.4420      0.032     0.0103    20.4420  1120.0000  67200.000   18.66667 277.180035  0.000e+00
   998.1224   0.000185    20.4357      0.031     0.0103    20.4357  1130.0000  67800.000   18.83333 277.186979  0.000e+00
   998.1237   0.000185    20.4295      0.033     0.0103    20.4295  1140.0000  68400.000   19.00000 277.193924  0.000e+00
   998.1249   0.000185    20.4240      0.034     0.0102    20.4240  1150.0000  69000.000   19.16667 277.200868  0.000e+00
   998.1261   0.000185    20.4182      0.034     0.0102    20.4182  1160.0000  69600.000   19.33333 277.207812  0.000e+00
   998.1272   0.000185    20.4130      0.034     0.0102    20.4130  1170.0000  70200.000   19.50000 277.214757  0.000e+00
   998.1282   0.000185    20.4081      0.035     0.0102    20.4081  1180.0000  70800.000   19.66667 277.221701  0.000e+00
   998.1293   0.000185    20.4032      0.037     0.0102    20.4032  1190.0000  71400.000   19.83333 277.228646  0.000e+00
   998.1303   0.000185    20.3985      0.038     0.0102    20.3985  1200.0000  72000.000   20.00000 277.235590  0.000e+00
   998.1314   0.000185    20.3932      0.039     0.0102    20.3932  1210.0000  72600.000   20.16667 277.242535  0.000e+00
   998.1323   0.000185    20.3891      0.041     0.0102    20.3891  1220.0000  73200.000   20.33333 277.249479  0.000e+00
   998.1334   0.000185    20.3836      0.042     0.0102    20.3836  1230.0000  73800.000   20.50000 277.256424  0.000e+00
   998.1344   0.000185    20.3789      0.043     0.0102    20.3789  1240.0000  74400.000   20.66667 277.263368  0.000e+00
   998.1353   0.000184    20.3748      0.044     0.0102    20.3748  1250.0000  75000.000   20.83333 277.270312  0.000e+00
   998.1362   0.000184    20.3705      0.046     0.0102    20.3705  1260.0000  75600.000   21.00000 277.277257  0.000e+00
   998.1372   0.000184    20.3657      0.048     0.0102    20.3657  1270.0000  76200.000   21.16667 277.284201  0.000e+00
   998.1384   0.000184    20.3599      0.048     0.0102    20.3599  1280.0000  76800.000   21.33333 277.291146  0.000e+00
   998.1399   0.000184    20.3531      0.049     0.0102    20.3531  1290.0000  77400.000   21.50000 277.298090  0.000e+00
   998.1409   0.000184    20.3483      0.051     0.0102    20.3483  1300.0000  78000.000   21.66667 277.305035  0.000e+00
